2 0.386696 0.318447 0.145095 0.364775
2 0.410775 0.226628 0.055662 0.094324
3 0.163737 0.752504 0.091935 0.121035
3 0.173431 0.812604 0.043779 0.065943
3 0.196259 0.872705 0.041903 0.077629
3 0.401394 0.743740 0.035648 0.048414
3 0.297888 0.401503 0.112574 0.300501
3 0.271621 0.247078 0.073799 0.066778
3 0.224089 0.197830 0.018762 0.035058
4 0.607466 0.443656 0.243910 0.429883
4 0.535544 0.168614 0.156353 0.227045
1 0.244103 0.492905 0.073799 0.090985
1 0.385133 0.700334 0.061916 0.071786
1 0.360429 0.835142 0.090059 0.177796
1 0.044597 0.552588 0.088808 0.250417
1 0.794665 0.400250 0.410670 0.800500
1 0.421719 0.772120 0.047531 0.068447
1 0.478632 0.949082 0.086307 0.101836
4 0.377315 0.076795 0.321461 0.153589
4 0.088279 0.207429 0.176558 0.414858