2 0.542841 0.638147 0.424029 0.356427
2 0.521264 0.698664 0.422152 0.358932
2 0.500625 0.757095 0.420902 0.362270
2 0.479674 0.814691 0.419025 0.353923
2 0.461537 0.849750 0.406517 0.300500
2 0.401185 0.878548 0.335846 0.242904
2 0.343647 0.905259 0.267051 0.189482
2 0.284859 0.934891 0.188249 0.130217
2 0.226383 0.957012 0.136340 0.085976
2 0.837409 0.929048 0.110072 0.141903
2 0.890569 0.941569 0.096313 0.116861
2 0.136644 0.433639 0.273288 0.224541
2 0.128514 0.495409 0.257028 0.219533
2 0.121009 0.555509 0.242018 0.211185
2 0.110690 0.616027 0.221379 0.193656
2 0.100996 0.675292 0.201992 0.185309
2 0.091927 0.736644 0.183854 0.167780
2 0.077856 0.797579 0.155711 0.154424
2 0.061595 0.855175 0.123190 0.131052
2 0.050025 0.916110 0.100050 0.116027
2 0.038455 0.963689 0.076909 0.072621
5 0.428703 0.118114 0.063167 0.087646
1 0.802074 0.373122 0.393384 0.746244
1 0.576926 0.103923 0.060665 0.101002