1 0.736876 0.559265 0.077908 0.060100
1 0.581061 0.403589 0.031163 0.024207
1 0.595530 0.446995 0.037841 0.024207
1 0.601752 0.468837 0.058298 0.031402
1 0.635141 0.493879 0.056178 0.041736
1 0.634611 0.526274 0.048759 0.028619
1 0.656341 0.545155 0.045579 0.034581
1 0.685490 0.570196 0.033919 0.033786
1 0.714904 0.593251 0.029149 0.016297
1 0.688670 0.600604 0.021199 0.018284
1 0.715434 0.613721 0.028089 0.023849
1 0.735838 0.618094 0.026499 0.023849
1 0.755183 0.608156 0.033389 0.022259
1 0.766312 0.588083 0.033389 0.024247
1 0.781417 0.570395 0.030739 0.025439
1 0.794667 0.553104 0.031799 0.024247
1 0.805531 0.532236 0.032329 0.021464
1 0.816131 0.468837 0.066248 0.045711
1 0.807121 0.500636 0.027029 0.013912
1 0.827526 0.512561 0.048759 0.022657
1 0.844220 0.492885 0.042929 0.018284
1 0.855615 0.448366 0.064658 0.035774
1 0.856145 0.417362 0.046639 0.027029
1 0.880789 0.394507 0.052468 0.035376
1 0.898013 0.377415 0.039219 0.017092
1 0.905433 0.358932 0.039219 0.021464
1 0.827261 0.375825 0.036569 0.026632
1 0.862641 0.267529 0.171397 0.116027
1 0.944917 0.341045 0.037629 0.028619
1 0.934847 0.302886 0.065188 0.047699
1 0.604667 0.239288 0.047169 0.034979
1 0.561474 0.242070 0.036039 0.021464
1 0.537624 0.251809 0.028619 0.018682
1 0.512185 0.255187 0.022259 0.017489
1 0.711989 0.245051 0.059358 0.033786
1 0.314236 0.347206 0.042929 0.026632
1 0.194195 0.473011 0.077378 0.049288
1 0.483120 0.869783 0.093489 0.070117
1 0.319514 0.962437 0.189204 0.075125
1 0.416899 0.914858 0.045632 0.030050
1 0.981961 0.265442 0.036078 0.036728
4 0.896262 0.136895 0.207475 0.223706
1 0.945789 0.729132 0.108421 0.182805
1 0.246615 0.157763 0.490818 0.315526
1 0.543220 0.131886 0.082359 0.066778
1 0.534873 0.202421 0.054535 0.035893
1 0.690132 0.062604 0.293823 0.125208
1 0.042339 0.387312 0.084678 0.103506
3 0.228807 0.720367 0.432944 0.385643
3 0.484233 0.595159 0.440735 0.355593
3 0.678820 0.334956 0.267475 0.151456
3 0.504266 0.336811 0.117974 0.107679
3 0.440271 0.358514 0.081247 0.070952
3 0.764430 0.518167 0.083472 0.060865