1 0.472454 0.795910 0.036937 0.049249
1 0.467446 0.737062 0.035684 0.038397
1 0.532241 0.752504 0.032554 0.037563
1 0.602671 0.713689 0.040693 0.048414
1 0.534432 0.673623 0.036937 0.048414
1 0.470889 0.653172 0.037563 0.047579
1 0.538502 0.605593 0.030050 0.039232
1 0.601106 0.640234 0.030050 0.050083
1 0.648372 0.600584 0.048205 0.057596
1 0.655259 0.685726 0.024416 0.027546
1 0.470576 0.576795 0.034432 0.038397
1 0.464316 0.511686 0.038189 0.043406
1 0.468385 0.453255 0.027546 0.035058
1 0.536624 0.457429 0.038815 0.051753
1 0.592654 0.479132 0.028172 0.033389
1 0.645868 0.463272 0.036937 0.043406
1 0.543510 0.535058 0.037563 0.050083
1 0.535371 0.822621 0.031302 0.047579
1 0.603297 0.789649 0.031928 0.041736
1 0.658076 0.760434 0.041319 0.051753
1 0.715985 0.714524 0.031928 0.046745
1 0.703777 0.629800 0.040067 0.047579
1 0.598289 0.551753 0.028172 0.031720
1 0.647433 0.536728 0.027546 0.025042
1 0.702212 0.545910 0.028172 0.036728
1 0.468072 0.379800 0.023164 0.028381
1 0.529424 0.382721 0.029424 0.044240
1 0.586081 0.378548 0.035058 0.045910
1 0.652442 0.378965 0.038815 0.056761
1 0.706907 0.380634 0.017529 0.026711
1 0.712542 0.468698 0.027546 0.037563
1 0.774833 0.509599 0.039441 0.099332
1 0.769199 0.601002 0.028172 0.040067
1 0.829612 0.557596 0.033806 0.040067
1 0.873122 0.539232 0.030676 0.043406
1 0.460559 0.304674 0.028172 0.045075
1 0.531928 0.302588 0.041945 0.059265
1 0.596411 0.297997 0.026920 0.041736
1 0.646807 0.316361 0.036311 0.055092
1 0.700647 0.311770 0.041319 0.054257
1 0.765755 0.317195 0.021285 0.033389
1 0.806448 0.348080 0.020033 0.035058
1 0.782346 0.387730 0.030676 0.039232
1 0.816465 0.423623 0.020033 0.029215
1 0.818969 0.488731 0.017529 0.022538
1 0.859662 0.479967 0.018781 0.026711
1 0.461811 0.240818 0.029424 0.039232
1 0.527233 0.234558 0.041319 0.053422
1 0.584516 0.223706 0.031928 0.050083
1 0.639921 0.247078 0.028798 0.041736
1 0.699082 0.250417 0.025668 0.030050
1 0.760121 0.242905 0.017529 0.025042
1 0.522851 0.158180 0.036311 0.045910
1 0.577942 0.139816 0.030050 0.052588
1 0.641799 0.167362 0.036311 0.049249
1 0.693760 0.177796 0.028798 0.041736
1 0.687187 0.090568 0.031928 0.049249
1 0.647433 0.090568 0.032554 0.050918
1 0.580447 0.070952 0.031302 0.045075
1 0.522225 0.091402 0.030050 0.042571
1 0.521598 0.025042 0.021285 0.036728
1 0.469950 0.029633 0.025668 0.040902
1 0.463376 0.100584 0.035058 0.044240
1 0.636164 0.033806 0.027546 0.042571
1 0.684683 0.011686 0.025668 0.023372
1 0.580760 0.010017 0.034432 0.020033
1 0.787667 0.681970 0.030050 0.036728
1 0.829299 0.641068 0.033180 0.046745
1 0.882513 0.629382 0.024416 0.026711
1 0.889086 0.719950 0.040067 0.057596
1 0.839942 0.727880 0.026920 0.026711
1 0.779841 0.742905 0.014399 0.018364
1 0.949812 0.796327 0.018781 0.026711
1 0.898164 0.796327 0.035684 0.046745
1 0.843698 0.800501 0.020659 0.028381
1 0.791423 0.814274 0.046327 0.052588
1 0.720680 0.847663 0.023790 0.044240
1 0.719115 0.777963 0.033180 0.046745
1 0.665588 0.846828 0.042571 0.055927
1 0.605801 0.859766 0.040693 0.046745
1 0.605175 0.937396 0.028172 0.030050
1 0.667467 0.914023 0.030050 0.045075
1 0.724124 0.912354 0.043197 0.055092
1 0.793927 0.896912 0.027546 0.049249
1 0.855593 0.884391 0.024416 0.030885
1 0.903798 0.876878 0.016903 0.024207
1 0.859349 0.951586 0.028172 0.050083
1 0.910371 0.940317 0.032554 0.045910
1 0.791110 0.955760 0.046953 0.061770
1 0.724750 0.971202 0.040693 0.057596
1 0.663084 0.965776 0.038815 0.058431
1 0.601419 0.984140 0.040693 0.031720