2 0.132467 0.177796 0.198255 0.138564
2 0.329471 0.262104 0.175741 0.126878
2 0.234409 0.291319 0.323338 0.181970
2 0.112766 0.064691 0.205135 0.129382
2 0.246917 0.368531 0.322087 0.176127
2 0.206265 0.427796 0.347103 0.187813
3 0.535857 0.548414 0.075675 0.051753
3 0.412651 0.535058 0.075675 0.101836
4 0.206891 0.769199 0.345852 0.461602
4 0.751824 0.344741 0.496352 0.432387
4 0.416091 0.085977 0.246412 0.171953
1 0.433289 0.891903 0.073173 0.089316
1 0.438293 0.817195 0.063167 0.061770
1 0.434540 0.707846 0.066919 0.066778
1 0.668131 0.785058 0.060039 0.080968
1 0.720979 0.889399 0.078176 0.121035
1 0.493016 0.907346 0.070046 0.103506
1 0.594958 0.984975 0.068795 0.030050
1 0.574945 0.740818 0.071297 0.069282
1 0.926739 0.717028 0.079427 0.075125
1 0.937683 0.649416 0.073799 0.075125
1 0.917670 0.869366 0.056287 0.074290
1 0.983539 0.666528 0.032922 0.060935
1 0.982913 0.733723 0.034173 0.085142
1 0.982288 0.811770 0.035424 0.080968
1 0.652183 0.893155 0.079427 0.090150
1 0.833240 0.960768 0.068795 0.078464
1 0.871077 0.907346 0.081929 0.183639
1 0.783207 0.885643 0.066294 0.093489