4 0.492808 0.404007 0.774259 0.611018
4 0.662294 0.528798 0.660434 0.782137
4 0.631962 0.866444 0.339598 0.267112
4 0.185418 0.861018 0.232027 0.274624
4 0.657291 0.108097 0.527847 0.214524
2 0.863051 0.823456 0.110072 0.217863
3 0.804262 0.692821 0.143845 0.205342
3 0.363035 0.194491 0.089434 0.141903
3 0.300807 0.241235 0.082554 0.116861
3 0.227946 0.292154 0.090685 0.141903
3 0.128193 0.354341 0.120079 0.129382
3 0.049079 0.410267 0.096939 0.111018
3 0.245145 0.060100 0.131336 0.120200
3 0.100988 0.025042 0.094437 0.050083
3 0.158526 0.021703 0.031896 0.043406
3 0.065965 0.605593 0.074424 0.094324
3 0.061274 0.800501 0.093812 0.115192
5 0.119437 0.678214 0.043779 0.082638
5 0.223881 0.342654 0.033772 0.037563
3 0.958739 0.042154 0.052535 0.054257
3 0.911208 0.053840 0.026267 0.040902
3 0.937162 0.081803 0.021889 0.023372