3 0.549616 0.567613 0.116952 0.113523
3 0.568691 0.415275 0.188874 0.121035
1 0.692210 0.708681 0.114450 0.148581
1 0.507088 0.677796 0.043153 0.061770
1 0.725669 0.512521 0.106320 0.143573
1 0.415465 0.356845 0.123831 0.157763
1 0.392950 0.486227 0.142594 0.134391
1 0.458306 0.594741 0.140717 0.181135
1 0.525538 0.711603 0.117577 0.144407
1 0.306644 0.300501 0.097564 0.130217
1 0.265367 0.225793 0.097564 0.112688
1 0.354488 0.614357 0.080678 0.113523
1 0.372937 0.712020 0.070046 0.103506
1 0.427348 0.763773 0.083805 0.091820
1 0.454241 0.833055 0.081303 0.116861
1 0.494267 0.881052 0.082554 0.154424
1 0.550554 0.915693 0.107571 0.168614
1 0.595896 0.792154 0.075675 0.118531
1 0.632170 0.896912 0.089434 0.136060
1 0.751624 0.310518 0.085681 0.150250
1 0.683141 0.345993 0.070046 0.114357